10
0100101000
1010000100
0101000010
0010100001
1001010000
0000100110
1000000011
0100010001
0010011000
0001001100

0001010001
0001101000
0000001101
1100000100
0100000011
1000001010
0110010000
0011000010
0000110100
1010100000

12
011001110000
101111000000
110100011000
011010001100
010101000110
110010100010
100001010011
101000101001
001100010101
000110001011
000011100101
000000111110

001001001101
000110011001
100001011010
010010110010
010100100101
101000100110
000111000110
011100001010
111000010001
100011100001
001101110000
110010001100

17
01101000110001011
10110100011000101
11011010001100010
01101101000110001
10110110100011000
01011011010001100
00101101101000110
00010110110100011
10001011011010001
11000101101101000
01100010110110100
00110001011011010
00011000101101101
10001100010110110
01000110001011011
10100011000101101
11010001100010110

00000101101011110
00111001000110110
01001110001101100
01001101110000101
01110000111001010
10110011010001100
00100101011100011
11010110100100010
10011001001101001
00011110000011011
10101010100000111
01100011100011001
11000000010101111
10101100110110000
11110100001010001
11001011011010000
00010010111110100

20
01001000000001000000
10100000000100000000
01010000010000000000
00101001000000000000
10010100000000000000
00001010000000100000
00000101000000001000
00010010100000000000
00000001010000000100
00100000101000000000
00000000010100000010
01000000001010000000
00000000000101000001
10000000000010100000
00000100000001010000
00000000000000101001
00000010000000010100
00000000100000001010
00000000001000000101
00000000000010010010

00000101000001000000
00011100000000000000
00010000000000100010
01100000000000000100
01000000100001000000
11000000000000100000
00000000000000001110
10000000011000000000
00001000000100000100
00000001000010010000
00000001000000100001
00000000100010001000
00000000010101000000
10001000000010000000
00100100001000000000
00000000010000001001
00000010000100010000
00010010100000000000
00100010000000000001
00000000001000010010

30
010000000000000000000100000001
101000001000000000000000000000
010100000000000000000000010000
001010000000100000000000000000
000101000000000001000000000000
000010100000000000000010000000
000001010000000000000000000100
000000101000001000000000000000
010000010100000000000000000000
000000001010000000100000000000
000000000101000000000001000000
000000000010100000000000000010
000100000001010000000000000000
000000000000101000001000000000
000000010000010100000000000000
000000000000001010000000100000
000000000000000101000000000001
000010000000000010100000000000
000000000100000001010000000000
000000000000000000101000001000
000000000000010000010100000000
100000000000000000001010000000
000001000000000000000101000000
000000000010000000000010100000
000000000000000100000001010000
001000000000000000000000101000
000000000000000000010000010100
000000100000000000000000001010
000000000001000000000000000101
100000000000000010000000000010

000000000000010001000000000100
000010000000000000001000100000
000000000010000000001001000000
000000100100001000000000000000
010000011000000000000000000000
000000000001000010000000001000
000100000000000010000000100000
000010000000000000100010000000
000010000001000100000000000000
000100000000100100000000000000
001000000000000000010100000000
000001001000000000000000000100
000000000100010000000000010000
100000000000100000100000000000
000100000000000000000011000000
000000001100000000010000000000
000001100000000000000100000000
100000000000000000000000100001
000000010000010000000100000000
000000000010000100000000000001
011000000000000000000000010000
000000000010000010100000000000
000000010000001000000000000010
001000000000001000000000000100
010000100000000001000000000000
000000000000100000001000001000
000001000000000000000000010010
100000000001000000000001000000
000000000000000000000010001001
000000000000000001010000000010

20
01111000100000000000
10110100010000000000
11010010001000000000
11100001000100000000
10000111000010000000
01001011000001000000
00101101000000100000
00011110000000010000
10000000011100001000
01000000101100000100
00100000110100000010
00010000111000000001
00001000000001110100
00000100000010111000
00000010000011010001
00000001000011100010
00000000100001000111
00000000010010001011
00000000001000011101
00000000000100101110

01111000100000000000
10110100010000000000
11010010001000000000
11100001000100000000
10000111000010000000
01001011000000000001
00101101000000100000
00011110000000000100
10000000011100001000
01000000101101000000
00100000110100000010
00010000111000010000
00001000000001100101
00000000010010011010
00000010000010010101
00000000000101101010
00000000100001010110
00000001000010101001
00000000001001011001
00000100000010100110

25
0000000000111111000000000
0000000000110000111100000
0000000000101000100011100
0000000000100100010010011
0000000000011000001001011
0000000000010010000110110
0000000000001001010100101
0000000000000110101000101
0000000000000101100101010
0000000000000011011011000
1111000000000000000000000
1100110000000000000000000
1010101000000000000000000
1001000110000000000000000
1000010101000000000000000
1000001011000000000000000
0110000110000000000000000
0101001001000000000000000
0100100101000000000000000
0100011010000000000000000
0011010001000000000000000
0010100011000000000000000
0010011100000000000000000
0001110010000000000000000
0001101100000000000000000

0000000000111111000000000
0000000000110000111100000
0000000000101000100011100
0000000000100100010010011
0000000000011000001001011
0000000000010010000110110
0000000000001001010100101
0000000000000110101000101
0000000000000101001111000
0000000000000011110001010
1111000000000000000000000
1100110000000000000000000
1010101000000000000000000
1001000110000000000000000
1000010101000000000000000
1000001011000000000000000
0110000101000000000000000
0101001001000000000000000
0100100110000000000000000
0100011010000000000000000
0011010010000000000000000
0010100011000000000000000
0010011100000000000000000
0001110001000000000000000
0001101100000000000000000

25
0111111111111000000000000
1011111000000111111000000
1101111000000000000111111
1110000111000111000111000
1110000100110100110100110
1110000010101010101010101
1110000001011001011001011
1001100011100101001000111
1001010101001000111101100
1001001110010010110010011
1000110100011011001110010
1000101001101110010011100
1000011010110101100101001
0101100100011011100001101
0101010001110100101011010
0101001100101100011110001
0100110011001110010100011
0100101011010001101110100
0100011110100011010001110
0011100010101001110011010
0011010001110011010100101
0011001010011110001100110
0010110110010100011011001
0010101101100010101101001
0010011101001101100010110

0111111111111000000000000
1011111000000111111000000
1101111000000000000111111
1110000111000111000111000
1110000100110100110100110
1110000010101010101010101
1110000001011001011001011
1001100011100101001000111
1001010101010010110001101
1001001110001000111110010
1000110100011110001011010
1000101010101011010101100
1000011001110101100110001
0101100100101001110011001
0101010010110001101101010
0101001100011110001100101
0100110011001110010100011
0100101011010100101011100
0100011101100011010010110
0011100001011011100010110
0011010001101100011101100
0011001010110110010010011
0010110110010001011110001
0010101101100010101101001
0010011110001101100001110

40
0000010001100001000000100000110001101011
0010001000100010100010010000000100011011
0100100010000001000011000110101001000001
0000010000010000100001110110010100000101
0010000100100010000000100101100110100100
1001000010000000000110000011100110010010
0100000001010000010001000001111110001000
0000100000011101000011000000010100110010
0010010000000100110001000001000001111100
1000001000000110000001001110000010110001
1100100000001000010000010010010011010100
0001001100000011010100000000100001010101
0000000100100000011101000111000000001011
0000000111000010001010010010110000001100
0100100001010100100100100011000001000010
1010000100010000101000100010001010011000
0101000010000011011000000100010010100010
0000001010111000100010101010100000100000
0000000000001101100000011001100111000001
0000010000011010000010010100001011101000
0110010100000100010100101000010010000001
0011001111001000000000110000000011000010
1001100000000011010011011001000000001000
0101000000100100001101100000101000110000
0000000001000000011010100100001101010110
0011100001001000100100001000110000011000
0011010001101111010000000000001100000000
0000111010001010001000100000011000010001
1010111000010100011000010100000000000010
1001001100100100100010000101001001000000
0010001000000001000100011011010000100110
0101111100000000001000001010000001101000
0000111001100001101111000000000000000100
1010000010110010001101001000010100000000
1000100111000000110100010000001100000001
0100010111110001000000011101000000000000
1100001010001101000100100100000100000100
0001100010110100000000001000001010001011
1100010100001010100001001000101000000100
1111000001011000001010000001000000100100

0100000001010000001011100000100010000111
1000000100001011000001000011001011001000
0001000010000101100010000000101110001010
0010000000011000000111110100001001010000
0000001000000100100001111010001000001101
0000000100000011010010111100000110000100
0000100000000010001100000000011111010110
0100010010010100000100100001011100000001
0010000101101000100100001000000011000101
1000000010000000010000101100011001101010
0000000010001000000011010011010100100110
1001000100000110100000010000110001100100
0101000010100110011000100000000000011100
0010100100011001011001001000010000000010
0100011000011000100110001000000000101010
0110010000000100000000000110000001110111
0010100010010010001000100111000010100000
0000010001001100001100010010101010100000
1000001000001100110010000101000101000001
0001001110000010010001000110100000000011
1011010000100010001000001010011000000001
1101100000100100000100001100000110100000
1001110101001000100000000010000100010010
0001110000110000010000000001000011001011
0000110011000110000011000001100001010000
0001010001000001101101000001010000001100
0100100000100001110110100000110001000000
0100000100100000101000011100101000010010
1010000000010000010100001011000100011100
0000001101110100000010000110000010011000
0111101101000000010010000001000000100100
0010011100100000001001100000100001101000
1110011010000000110001010000010000010000
0101001011010001001000011010000100000000
0000000001110011110001000000001100010001
0001001000001001000000101001110010100001
0110100001001010000000010100110100000001
1000111010111001000000000100101000000000
1010001001100111000100110001000000000000
1000100110000001001110010000000000111000

11
01111110000
10111101000
11011010100
11100001110
11100001101
11000010111
10100101011
01011010011
00111100011
00010111101
00001111110

01111110000
10111101000
11011010100
11100001110
11100001011
11000010111
10100101101
01011010011
00110110011
00011101101
00001111110

35
01111111111111111110000000000000000
10111111111000000001111111100000000
11011111111000000000000000011111111
11101110000111100001111000011110000
11110101000111010001000111010001110
11111000100100001111110000101001110
11110000011010111000100110101111000
11101000011001100111001101000101101
11100100011100011100011001110010011
11100011100010011010011011001100101
11100011100001100110100110110010011
10011100100011011100101100110100101
10011010010100111011001110011000011
10011001001100110110110011010110100
10010011001011001111001001111011000
10001010110111001100010111000111010
10000110110110110011100001100011101
10000101101101110010011100101101010
10000101011011101101110010001000111
01011101000010101010111101000011011
01010110001101001011010110100110101
01010100110001010111101011001110010
01010001110110100101010101111100001
01001011001110010101101010100101011
01001010011011010010110101111000110
01001001110001111001011010110011100
01000110101100101100101111011001100
00111000101111100000001011101010111
00110110010010100110011010110101110
00110011010101010100111100001011101
00110010101001111001110001010101011
00101111000000111101000101101110110
00101101010101001010100011111101001
00101100101010010111010110011011001
00100001111110001011101100010110110

01111111111111111110000000000000000
10111111111000000001111111100000000
11011111111000000000000000011111111
11101110000111100001111000011110000
11110110000110011001100110000001111
11111010000001010110010101111001100
11111100000000101110001011100110011
11100000111101100101010101000101011
11100001011100011101001011011010100
11100001101011010010111000100010111
11100001110010101010100110111101000
10011001100011111001010011010100110
10011000011101101011101000110001101
10010101010110010111010100110110001
10010011001110001110111001001101010
10001100110101001110110110001010110
10001010101110110100001110101100101
10000111100001111011001101001011001
10000110011011110100100011110011010
01011001100111000100101111010011001
01011000011010110011011110001011010
01010101010101110000101101101100110
01010010110010101101110001101010101
01001101001001011101110010101101001
01001010101100011011100101110110010
01000111100100100111011010110001110
01000110011011001010011111010100101
00110100101111000011000011101111100
00110100101000111100111100010111100
00110011001101101000010110111010011
00110010110001010111101010011100011
00101101001010100111100101011000111
00101100110110011000011001111001011
00101011010100110010110011000111101
00101011010011001101001100100111110

28
0111111111000000000000000000
1011111111000000000000000000
1101111111000000000000000000
1110111111000000000000000000
1111011111000000000000000000
1111101111000000000000000000
1111110111000000000000000000
1111111011000000000000000000
1111111100100000000000000000
1111111100100000000000000000
0000000011011111110000000000
0000000000101111111100000000
0000000000110111111100000000
0000000000111011111100000000
0000000000111101111100000000
0000000000111110101110000000
0000000000111111000001110000
0000000000111110000001101100
0000000000011111000010001011
0000000000011111000000010111
0000000000000001001001111111
0000000000000000110010111111
0000000000000000110011011111
0000000000000000100111101111
0000000000000000011011110111
0000000000000000010111111011
0000000000000000001111111101
0000000000000000001111111110

0111111111000000000000000000
1011111111000000000000000000
1101111111000000000000000000
1110111111000000000000000000
1111011111000000000000000000
1111101111000000000000000000
1111110111000000000000000000
1111111011000000000000000000
1111111100100000000000000000
1111111100100000000000000000
0000000011011111110000000000
0000000000101111111100000000
0000000000110111111100000000
0000000000111011111100000000
0000000000111101111100000000
0000000000111110101110000000
0000000000111111000001110000
0000000000111110000001001110
0000000000011111000010110001
0000000000011111000000001111
0000000000000001001001111111
0000000000000000110010111111
0000000000000000101011011111
0000000000000000101011101111
0000000000000000010111110111
0000000000000000010111111011
0000000000000000010111111101
0000000000000000001111111110

64
0111111111111111111000000000000000000000000000000000000000000000
1011000000000000000111111111111111000000000000000000000000000000
1101000000000000000000000000000000111111111111111000000000000000
1110000000000000000000000000000000000000000000000111111111111111
1000011000000000000111110000000000111110000000000111110000000000
1000101000000000000000001111100000000001111100000000001111100000
1000110000000000000000000000011111000000000011111000000000011111
1000000011000000000111001100000000100001100011000100001000011100
1000000100100000000000100010011100011000010010100011000111000000
1000000100010000000000001001010011010110001000010010100100100010
1000000010001000000100010100100010000101001100010001010000010011
1000000001001000000010110010001000000000110101001000110010001001
1000000000110000000001000001100101101010000000101100001001100100
1000000000000011000111000001000100000100001010011000010111001000
1000000000000101000000101010101000101011000001000010000000110011
1000000000000110000000010100010011010000110100100101101000000100
1000000000000000011100001010100001010110010000100000010010011100
1000000000000000101010110100000010001000100010011010001001100010
1000000000000000110001000001011100100001001101000101100100000001
0100100100100100100000000000001001001000010101001000101100100010
0100100100010100010000000000110000000011011000100001000001000111
0100100100001100001000000010000010010000100100110010000010110001
0100100010010010010000000001000001000101000100110100001100011000
0100100000110001010000001000000100110000001011000000000110110100
0100010101000010100000010000000100001000000100111101010001000001
0100010100100001010000000001001000100110000000101010100010001001
0100010010010010100001000000000010100100001010001001101000000110
0100010001001100001000100100000000011000010011000001010000010110
0100010000101010100010000000010000010000100011010110100100001000
0100001011000001001010000000100000101100000100001000011010110000
0100001010010010001100000100000000010010101000010100010001100100
0100001010001100001000011000000000000111110000000010101000001010
0100001001100001010001000010000000001011010001000100010101001000
0100001001001001100100100000000000100001101010000011000011000001
0010100100001010001000010110010001000000010000010000010101001010
0010100011000001100001010001101000000001000000001000001001001011
0010100010001010010100001001010010000000101000000000100010001101
0010100001100100100000100110010100000000100001000100000001100101
0010100001001010100010000100001110000000000110000001001110010000
0010010100100010001010100000000111010000000000001000110010100100
0010010100010001010001000000101101001100000000000001010100010010
0010010010010001100110000001000110100000000000010110000000110001
0010010001100100001010010010001001001000000000100110001000011000
0010010000110001001101101000010000000010000010000010000001001110
0010001110000100010000010011100001000010000100000100110000100001
0010001100010010001100010001100010000100000000100011001011000000
0010001010001001100011101100000000000000001001000000110100100010
0010001001100100010001101000101000100000010000000001101010000100
0010001000011100010100001110010000010001000000000111000100010000
0001100100001001001000101000101010000100011010001000000010000010
0001100011000010010001000100100101000000011101001000010000000100
0001100010100001001010001011000001000010100001011000000000101000
0001100001010001001100000110100100001001000010110000000001010000
0001100000110100100000001001011010100001100010100010001000000000
0001010100001001010100100010010100010010001001010000010000000001
0001010011000100001100110000100010100010100000101000000000000101
0001010010010100100001010100010001001011000001010100000000000010
0001010010001100010010001000001011110100000101000000100000010000
0001010001001010010101010000011000000101010010100001000000001000
0001001100100010100001110001010000000010111000001000100001000000
0001001100010100100000100100100110111000001100000001000000100000
0001001100001001100010010011001000001101000100010010000100000000
0001001001100010010110000011000100110000100100100100000010000000
0001001000110010001011001100000001011100010010000000001100000000

0111111111111111111000000000000000000000000000000000000000000000
1011000000000000000111111111111111000000000000000000000000000000
1101000000000000000000000000000000111111111111111000000000000000
1110000000000000000000000000000000000000000000000111111111111111
1000011000000000000111110000000000111110000000000111110000000000
1000101000000000000000001111100000000001111100000000001111100000
1000110000000000000000000000011111000000000011111000000000011111
1000000011000000000111001000010000100001110010000100001000011100
1000000100100000000000101000001110011100001001000010000111000010
1000000100010000000000010111010000010000000101110011100100000001
1000000010001000000100000111000001000011000010101101010000100010
1000000001001000000010000000101101101100100000001000011010100001
1000000000110000000001110000100010000010011100010000100001011100
1000000000000011000111000100001000010000011100001010000000110011
1000000000000100100000101010101000100000100001110101010001001000
1000000000000100010000010100010101101011000000010100000111000100
1000000000000010001100000001010110011010000110000000101010101000
1000000000000001001010001010100010000100001010101011101000000100
1000000000000000110001110001000001000101110001000000010100010011
0100100100100100100000000000100001000100101000110000100110000101
0100100100010100010000000001000010000011000101100000010011001010
0100100100001100001000000010000100001000000011011001001101100000
0100100010001010001000000100010000100001000100101010001010000101
0100100001001001001000001000001000010000101010100100000010101010
0100010110000010010000010000000001001010000100011000110000110001
0100010001100101000000100000000010001100100011000000111000011000
0100010001100010010001000000000100110110010000000000000010001111
0100010001100000101010000000001000101000001000011110000001010100
0100010000011010010100000000010000011001000011000110000100010010
0100001101000001100000100000100000000110011000001001010001100010
0100001010010110000000010001000000000111010010000001101100000100
0100001010010001100001000010000000000001101100100110110000010000
0100001010001000110010000100000000110000110000010101000100100001
0100001000110001001100001000000000110000010101000011001001001000
0010100100010011000000100011000011000000001010000000100100110010
0010100011000100100000010010100011000001000000001000011001010100
0010100010010001100001001101100000000000010000100001000000001111
0010100010010000011100000110011000000000000100010100000001111000
0010100000101001100010001010011000000000100001000010001100010001
0010010100100001001010100000101100010000000000010001100000101001
0010010100010010001100010100000110000010000000001011000001000110
0010010100001100001000000010011011001000000000100110110010000000
0010010010001100010100010001010100100000000001000001011000001001
0010010001001100100010101000000101000100000010000101000100000110
0010001100100000110001010100101000100000000100000010010011000001
0010001011000010001011000100100001000010001000000100100010100100
0010001001100010010110110000000100001000010000000000001101110000
0010001001001011000101001001000010000101000000000010011010000010
0010001000110100010001101001010000010000100000000100100110001000
0001100100100011000000010001100110000100010101001000001000000001
0001100011000100010000100001100101000010110010010000000000101000
0001100001100010010001000000011011001001101100000000000010010000
0001100001001000110100001100001100100001010001001000000001000010
0001100000110010001010001100010100010000011010010000000100000100
0001010100010000110001100100001001010010001000110100000000000010
0001010011000001001101000000101010100010000100101000010000001000
0001010010010001100110110010000000000000010011011001000000010000
0001010010001011000011000001010001010100100010100000100000000001
0001010000110100100001011000010010100101000001100010000000000100
0001001100001100001000001101100100110110000000100001000010000000
0001001100001010100010010110000001001101001000001010000100000000
0001001100001001010100100011001000011000100101000000010000100000
0001001010100100001010010010110000101000100100010000101000000000
0001001001010100001100101010000010001011001010000100000001000000

77
01111110000000000000000000000000000000000000000000000000000000000000000000000
10111110000000000000000000000000000000000000000000000000000000000000000000000
11011110000000000000000000000000000000000000000000000000000000000000000000000
11101110000000000000000000000000000000000000000000000000000000000000000000000
11110110000000000000000000000000000000000000000000000000000000000000000000000
11111001000000000000000000000000000000000000000000000000000000000000000000000
11111001000000000000000000000000000000000000000000000000000000000000000000000
00000110111100000000000000000000000000000000000000000000000000000000000000000
00000001011111000000000000000000000000000000000000000000000000000000000000000
00000001101111000000000000000000000000000000000000000000000000000000000000000
00000001110111000000000000000000000000000000000000000000000000000000000000000
00000001111011000000000000000000000000000000000000000000000000000000000000000
00000000111101100000000000000000000000000000000000000000000000000000000000000
00000000111110100000000000000000000000000000000000000000000000000000000000000
00000000000011011110000000000000000000000000000000000000000000000000000000000
00000000000000101111100000000000000000000000000000000000000000000000000000000
00000000000000110111100000000000000000000000000000000000000000000000000000000
00000000000000111011100000000000000000000000000000000000000000000000000000000
00000000000000111101100000000000000000000000000000000000000000000000000000000
00000000000000011110110000000000000000000000000000000000000000000000000000000
00000000000000011111010000000000000000000000000000000000000000000000000000000
00000000000000000001101111000000000000000000000000000000000000000000000000000
00000000000000000000010111110000000000000000000000000000000000000000000000000
00000000000000000000011011110000000000000000000000000000000000000000000000000
00000000000000000000011101110000000000000000000000000000000000000000000000000
00000000000000000000011110110000000000000000000000000000000000000000000000000
00000000000000000000001111011000000000000000000000000000000000000000000000000
00000000000000000000001111101000000000000000000000000000000000000000000000000
00000000000000000000000000110111100000000000000000000000000000000000000000000
00000000000000000000000000001011111000000000000000000000000000000000000000000
00000000000000000000000000001101111000000000000000000000000000000000000000000
00000000000000000000000000001110111000000000000000000000000000000000000000000
00000000000000000000000000001111011000000000000000000000000000000000000000000
00000000000000000000000000000111101100000000000000000000000000000000000000000
00000000000000000000000000000111110100000000000000000000000000000000000000000
00000000000000000000000000000000011011110000000000000000000000000000000000000
00000000000000000000000000000000000101111100000000000000000000000000000000000
00000000000000000000000000000000000110111100000000000000000000000000000000000
00000000000000000000000000000000000111011100000000000000000000000000000000000
00000000000000000000000000000000000111101100000000000000000000000000000000000
00000000000000000000000000000000000011110110000000000000000000000000000000000
00000000000000000000000000000000000011111010000000000000000000000000000000000
00000000000000000000000000000000000000001101111000000000000000000000000000000
00000000000000000000000000000000000000000010111110000000000000000000000000000
00000000000000000000000000000000000000000011011110000000000000000000000000000
00000000000000000000000000000000000000000011101110000000000000000000000000000
00000000000000000000000000000000000000000011110110000000000000000000000000000
00000000000000000000000000000000000000000001111011000000000000000000000000000
00000000000000000000000000000000000000000001111101000000000000000000000000000
00000000000000000000000000000000000000000000000110111100000000000000000000000
00000000000000000000000000000000000000000000000001011111000000000000000000000
00000000000000000000000000000000000000000000000001101111000000000000000000000
00000000000000000000000000000000000000000000000001110111000000000000000000000
00000000000000000000000000000000000000000000000001111011000000000000000000000
00000000000000000000000000000000000000000000000000111101100000000000000000000
00000000000000000000000000000000000000000000000000111110100000000000000000000
00000000000000000000000000000000000000000000000000000011011110000000000000000
00000000000000000000000000000000000000000000000000000000101111100000000000000
00000000000000000000000000000000000000000000000000000000110111100000000000000
00000000000000000000000000000000000000000000000000000000111011100000000000000
00000000000000000000000000000000000000000000000000000000111101100000000000000
00000000000000000000000000000000000000000000000000000000011110110000000000000
00000000000000000000000000000000000000000000000000000000011111010000000000000
00000000000000000000000000000000000000000000000000000000000001101111000000000
00000000000000000000000000000000000000000000000000000000000000010111110000000
00000000000000000000000000000000000000000000000000000000000000011011110000000
00000000000000000000000000000000000000000000000000000000000000011101110000000
00000000000000000000000000000000000000000000000000000000000000011110001100000
00000000000000000000000000000000000000000000000000000000000000001110011010000
00000000000000000000000000000000000000000000000000000000000000001110100001100
00000000000000000000000000000000000000000000000000000000000000000001100110011
00000000000000000000000000000000000000000000000000000000000000000001001001111
00000000000000000000000000000000000000000000000000000000000000000000101001111
00000000000000000000000000000000000000000000000000000000000000000000010110111
00000000000000000000000000000000000000000000000000000000000000000000010111011
00000000000000000000000000000000000000000000000000000000000000000000001111101
00000000000000000000000000000000000000000000000000000000000000000000001111110

01111110000000000000000000000000000000000000000000000000000000000000000000000
10111110000000000000000000000000000000000000000000000000000000000000000000000
11011110000000000000000000000000000000000000000000000000000000000000000000000
11101110000000000000000000000000000000000000000000000000000000000000000000000
11110110000000000000000000000000000000000000000000000000000000000000000000000
11111001000000000000000000000000000000000000000000000000000000000000000000000
11111001000000000000000000000000000000000000000000000000000000000000000000000
00000110111100000000000000000000000000000000000000000000000000000000000000000
00000001011111000000000000000000000000000000000000000000000000000000000000000
00000001101111000000000000000000000000000000000000000000000000000000000000000
00000001110111000000000000000000000000000000000000000000000000000000000000000
00000001111011000000000000000000000000000000000000000000000000000000000000000
00000000111101100000000000000000000000000000000000000000000000000000000000000
00000000111110100000000000000000000000000000000000000000000000000000000000000
00000000000011011110000000000000000000000000000000000000000000000000000000000
00000000000000101111100000000000000000000000000000000000000000000000000000000
00000000000000110111100000000000000000000000000000000000000000000000000000000
00000000000000111011100000000000000000000000000000000000000000000000000000000
00000000000000111101100000000000000000000000000000000000000000000000000000000
00000000000000011110110000000000000000000000000000000000000000000000000000000
00000000000000011111010000000000000000000000000000000000000000000000000000000
00000000000000000001101111000000000000000000000000000000000000000000000000000
00000000000000000000010111110000000000000000000000000000000000000000000000000
00000000000000000000011011110000000000000000000000000000000000000000000000000
00000000000000000000011101110000000000000000000000000000000000000000000000000
00000000000000000000011110110000000000000000000000000000000000000000000000000
00000000000000000000001111011000000000000000000000000000000000000000000000000
00000000000000000000001111101000000000000000000000000000000000000000000000000
00000000000000000000000000110111100000000000000000000000000000000000000000000
00000000000000000000000000001011111000000000000000000000000000000000000000000
00000000000000000000000000001101111000000000000000000000000000000000000000000
00000000000000000000000000001110111000000000000000000000000000000000000000000
00000000000000000000000000001111011000000000000000000000000000000000000000000
00000000000000000000000000000111101100000000000000000000000000000000000000000
00000000000000000000000000000111110100000000000000000000000000000000000000000
00000000000000000000000000000000011011110000000000000000000000000000000000000
00000000000000000000000000000000000101111100000000000000000000000000000000000
00000000000000000000000000000000000110111100000000000000000000000000000000000
00000000000000000000000000000000000111011100000000000000000000000000000000000
00000000000000000000000000000000000111101100000000000000000000000000000000000
00000000000000000000000000000000000011110110000000000000000000000000000000000
00000000000000000000000000000000000011111010000000000000000000000000000000000
00000000000000000000000000000000000000001101111000000000000000000000000000000
00000000000000000000000000000000000000000010111110000000000000000000000000000
00000000000000000000000000000000000000000011011110000000000000000000000000000
00000000000000000000000000000000000000000011101110000000000000000000000000000
00000000000000000000000000000000000000000011110110000000000000000000000000000
00000000000000000000000000000000000000000001111011000000000000000000000000000
00000000000000000000000000000000000000000001111101000000000000000000000000000
00000000000000000000000000000000000000000000000110111100000000000000000000000
00000000000000000000000000000000000000000000000001011111000000000000000000000
00000000000000000000000000000000000000000000000001101111000000000000000000000
00000000000000000000000000000000000000000000000001110111000000000000000000000
00000000000000000000000000000000000000000000000001111011000000000000000000000
00000000000000000000000000000000000000000000000000111101100000000000000000000
00000000000000000000000000000000000000000000000000111110100000000000000000000
00000000000000000000000000000000000000000000000000000011011110000000000000000
00000000000000000000000000000000000000000000000000000000101111100000000000000
00000000000000000000000000000000000000000000000000000000110111100000000000000
00000000000000000000000000000000000000000000000000000000111011100000000000000
00000000000000000000000000000000000000000000000000000000111101100000000000000
00000000000000000000000000000000000000000000000000000000011110110000000000000
00000000000000000000000000000000000000000000000000000000011111010000000000000
00000000000000000000000000000000000000000000000000000000000001101111000000000
00000000000000000000000000000000000000000000000000000000000000010111110000000
00000000000000000000000000000000000000000000000000000000000000011011110000000
00000000000000000000000000000000000000000000000000000000000000011101110000000
00000000000000000000000000000000000000000000000000000000000000011110001100000
00000000000000000000000000000000000000000000000000000000000000001110011010000
00000000000000000000000000000000000000000000000000000000000000001110100001100
00000000000000000000000000000000000000000000000000000000000000000001100101011
00000000000000000000000000000000000000000000000000000000000000000001001010111
00000000000000000000000000000000000000000000000000000000000000000000100101111
00000000000000000000000000000000000000000000000000000000000000000000011010111
00000000000000000000000000000000000000000000000000000000000000000000010111011
00000000000000000000000000000000000000000000000000000000000000000000001111101
00000000000000000000000000000000000000000000000000000000000000000000001111110

35
01111111111111111110000000000000000
10111111111000000001111111100000000
11011111111000000000000000011111111
11101110000111100001111000011110000
11110110000111100000000111100001111
11111010000000011111111000000001111
11111100000000011110000111111110000
11100000111110011001100110011001100
11100001011110011000011001100110011
11100001101001100111010101010101010
11100001110001100110101010101010101
10011001100011111001100110000110011
10011001100101111000011001111001100
10011000011110100111001100110011001
10011000011111000110110011001100110
10000111100110001111001011010010110
10000111100110010110110100101101001
10000110011001111011010010101011010
10000110011001111100101101010100101
01010101010101010100111110010011010
01010101001100101011011110001100101
01010100110010101101101001101101010
01010100101011010011110001110010101
01001011010101001011100011110101001
01001011001100110101100101101010110
01001010110010110010011110110100110
01001010101011001100011111001011001
00110011010011010011001101001111100
00110011001010101100110010110111100
00110010110100101010110101011010011
00110010101101010101001010111100011
00101101010011001101010100111000111
00101101001010110010101011011001011
00101100110100110101010011000111101
00101100101101001010101100100111110

01111111111111111110000000000000000
10111111111000000001111111100000000
11011111111000000000000000011111111
11101110000111100001111000011110000
11110110000111100000000111100001111
11111010000000011111111000000001111
11111100000000011110000111111110000
11100000111110011001100110011001100
11100001011110011000011001100110011
11100001101001100111010101010101010
11100001110001100110101010101010101
10011001100011111001100110000110011
10011001100101111000011001111001100
10011000011110100111001100110011001
10011000011111000110110011001100110
10000111100110001111010010101011010
10000111100110010110101101010100101
10000110011001111011001011010010110
10000110011001111100110100101101001
01010101010101010100111110010011010
01010101001100101011011110001100101
01010100110010110011101001101101010
01010100101011001101110001110010101
01001011010101001011100011110101001
01001011001100110101100101101010110
01001010110010101100011110110100110
01001010101011010010011111001011001
00110011010011001101001101001111100
00110011001010110010110010110111100
00110010110100101010110101011010011
00110010101101010101001010111100011
00101101010011010011010100111000111
00101101001010101100101011011001011
00101100110100110101010011000111101
00101100101101001010101100100111110

45
011111111111100000000000000000000000000000000
101110000000011111111000000000000000000000000
110110000000000000000111111110000000000000000
111010000000000000000000000001111111100000000
111100000000000000000000000000000000011111111
100000111000011000000110000001100000011000000
100001011000000110000001100000011000000110000
100001101000000001100000011000000110000001100
100001110000000000011000000110000001100000011
100000000011111000000001100000000110000000011
100000000101100110000110000000000001100001100
100000000110100001100000000111100000000110000
100000000111000000011000011000011000011000000
010001000100000101010101000001000100010000010
010001000100000010101010100000100010001000001
010000100010010001010010100000010001000101000
010000100010001000101101000000001000100010100
010000010001010100001000010101000010000100100
010000010001001010010000001010100100000011000
010000001000110100100000001010001001001000010
010000001000101011000000010100010000110000001
001001000010010010000001001100100001010000100
001001000010001100000000110011000000101001000
001000100100010010000100010010001100000100001
001000100100001100000010001100010010000010010
001000010000100001001011000010010100001000100
001000010000100000110100100100001010010001000
001000001001000001001100101000100000100100010
001000001001000000110011010001000001000010001
000101000001010001000010000010001010110010000
000101000001001000100100000100010101001100000
000100100000100100001000110000100101010010000
000100100000100010010001001001000010101100000
000100010100010000100001010000110000100001010
000100010100001001000000101001001001000000101
000100001010000100010100000010110010000000101
000100001010000010001010000101001100000001010
000011000000110000001100001001010000000011001
000011000000101000010010010000101000000100110
000010100001000101000001000100101000001001001
000010100001000010100000100011010000010000110
000010010010000100100010001000000100110100001
000010010010000011000100010000000011001010010
000010001100010000010000100100000100101010100
000010001100001000001001000010000011010101000

011111111111100000000000000000000000000000000
101110000000011111111000000000000000000000000
110110000000000000000111111110000000000000000
111010000000000000000000000001111111100000000
111100000000000000000000000000000000011111111
100000111000011000000110000001100000011000000
100001011000000110000001100000011000000110000
100001101000000001100000011000000110000001100
100001110000000000011000000110000001100000011
100000000011111000000001100000000110000000011
100000000101100110000110000000000001100001100
100000000110100001100000000111100000000110000
100000000111000000011000011000011000011000000
010001000100000101010101000001000100010000010
010001000100000010101010100000100010001000001
010000100010010001010010100000010001000101000
010000100010001000101101000000001000100010100
010000010001010100001000010101000010000011000
010000010001001010010000001010100100000100100
010000001000110100100000001010001001010000001
010000001000101011000000010100010000101000010
001001000010010010000001001101000001001000100
001001000010001100000000110010100000110001000
001000100100010010000100010010010100000010001
001000100100001100000010001100001010000100010
001000010000100001001011000010010010010000100
001000010000100000110100100100001100001001000
001000001001000001001100101000100001000010010
001000001001000000110011010001000000100100001
000101000001010001000100000010001010101100000
000101000001001000100010000100010101010010000
000100100000100100001001010000100101001100000
000100100000100010010000101001000010110010000
000100010100010000100001001000110000100001010
000100010100001001000000110001001001000000101
000100001010000100010100000100110010000000101
000100001010000010001010000011001100000001010
000011000000110000010010010000101000000010110
000011000000101000001100001001010000000101001
000010100001000100100000100011010000001000110
000010100001000011000001000100101000010001001
000010010010000101000010001000000100101010001
000010010010000010100100010000000011010100010
000010001100010000001000100100000100110100100
000010001100001000010001000010000011001011000

45
011111111111100000000000000000000000000000000
101110000000011111111000000000000000000000000
110110000000000000000111111110000000000000000
111001000000010000000100000001111110000000000
111000100000001000000010000000000001111110000
100100011000010000000001000001000001100001110
100010010100000100000000100000110000011001001
100001100010000011000000110000001001000000101
100001000001100010100000001101000000010101000
100000100011000100010001001000000110001000010
100000010100100001001010000100000110000010100
100000001100101000010100000010001000000100011
100000001011000000101000010010110000100010000
010101000000000000101000000010000100011000111
010010000001000000011000000100001011100001001
010000100100000010110101000000100000000011100
010000011000000101100001010000001010010100000
010000010010000010011010100001010000000100010
010000001000110110000000101000000100100010001
010000000101001101000000001011010001000000100
010000000010111001000000010100100000001001010
001100000001000100000000100100101000000110110
001010000010000001000001000011000100000111001
001001000100000110000010010010000010100001010
001000110000000001100100001100010000100000011
001000010000100010001001001010101001001000000
001000001100000000110000110101000101001000000
001000001010001000001100101000000010010001100
001000000001110000010011010000010000010000101
000101001000000001010010001000011000001011000
000100100000100100001100010000010101000101000
000100100000100001010000100011100010110000000
000100010001001010000100010001000010001010001
000100000110010000100010001000100011000100001
000100000110001010000001000100011100110000000
000011010000001000010000011000100100100100100
000011000000101000100001100000010011000010010
000010101000010010000000000110010010001100100
000010100100010000001000011001001000010010010
000010001001000011000110000000100101010000010
000010000010100100100110000001001000101000100
000001101000001100001011000101100000000000001
000001010010010100010100000110000001010010000
000001000101010001001101100000000000101100000
000000110001011000100010100010001100000001000

011111111111100000000000000000000000000000000
101110000000011111111000000000000000000000000
110110000000000000000111111110000000000000000
111001000000010000000100000001111110000000000
111000100000001000000010000000000001111110000
100100011000010000000001000001000001100001110
100010000110000100000000100000110001010001001
100001000101000011000000011001000000001101000
100001000001101000100000100100001000100000101
100000110010000010010100000010001000001000011
100000100100100000011001010000000110010000100
100000011000100001001000000110110000000110000
100000001011000100100010001000000110000010010
010101000000000101000000000010000100010100111
010010001000000000011000001000001010100101001
010000100000110010100000001100100000010001010
010000010100000101100001000100001011001000000
010000010001010010001000110000000101000010001
010000001000100110010010100001010000001000100
010000000110001000101000010011010000100000010
010000000011001001010101000000100000000011100
001100000100000000001000101000101000001010110
001010000000100000100001000011000100001011001
001001000010000010001010000110000011000001100
001000101000000001100100011000010001000000101
001000010010000001010000101101000100110000000
001000010000101100000100110000000010000101010
001000001001000110000001010010101000110000000
001000000101010000010011000100010000000100011
000101010000000000110010010000011000010011000
000100100001000100001100000100010100101001000
000100100001000000110000100011100011000100000
000100001100001010000100000101000010010010001
000100000010110001000010010000100010101000001
000100000010101010000001001000011101000100000
000011100000000011000001100000010010100010010
000011001000001000010000010100100101001000010
000010100010010100000000010101001000000110100
000010010100000010100110000000100100100100100
000010010001011000000000001010010010011000100
000010000001100001001110000001001001010000010
000001110000001100001011001001100000000000001
000001001010010000101101100000000000011100000
000001000100110100010100001010000001100010000
000000101100011001000010100010001100000001000

45
011111111111100000000000000000000000000000000
101110000000011111111000000000000000000000000
110110000000000000000111111110000000000000000
111001000000010000000100000001111110000000000
111000100000001000000010000000000001111110000
100100011000000100000001000001100001100001100
100010011000000010000000100000011000011000011
100001100100000101000000110000000100000101010
100001100010000010100001001000000010000010101
100000010001110000010010000100000100000010110
100000001001101000001100000010000010000101001
100000000110100001001000001100011001100000000
100000000111000000110000010011100000011000000
010100000100000010001000000010010100010011100
010010000010000000011001000001000101000100011
010001010000000001110010000010001000100001001
010000101000010001001000010100100000001000101
010000010001000110100000010100010011000100000
010000001000100101010000101001000010010010000
010000000100101100100101000000001000001000110
010000000011011010000000101000100000100001010
001100000010000000010000100100001010001101100
001010000100000100000000000110100010100010011
001001001000001000010000011010010001000000110
001000110000000000101100001101000000010001010
001000010000100011000001001010100100001100000
001000001001000000101001110000001100100010000
001000000101000011000110100001000001000000101
001000000010110100000011010000010000010001001
000101000000101000100000100100100101010000001
000101000000100010001010010001000010101000010
000100100001010001000001000010001011010000010
000100100001000100010100001000010100101000001
000100010100011000000000011001001000000110001
000100001010000001100110000000110000000110010
000011000001001001000001000101010000001011000
000011000001000100001010001000101000010100100
000010100000110000100000100011010000100100100
000010100000100010010100010000101001000011000
000010010010001001000100010000000110110000100
000010001100010000100010001000000111001001000
000001010010010100001100100010000001001010000
000001001100010010010101000100000000110100000
000000110100001000011011100000110010000000000
000000101010001110000010000111001100000000000

011111111111100000000000000000000000000000000
101110000000011111111000000000000000000000000
110110000000000000000111111110000000000000000
111001000000010000000100000001111110000000000
111000100000001000000010000000000001111110000
100100011000000100000001000001100001100001100
100010011000000010000000100000011000011000011
100001100100000101000000110000000100000101010
100001100010000010100001001000000010000010101
100000010001110000010010000100000100000010110
100000001001101000001100000010000010000101001
100000000110100001001000001100011001100000000
100000000111000000110000010011100000011000000
010100000100000000011000100000010010010011100
010010000010000000011001000001000101000100011
010001010000000001110010000010001000100001001
010000101000000001101100000100100000001000110
010000010001000110100000010100010011000100000
010000001000100111000000001011000100010010000
010000000100111100000001010000001000001000101
010000000011011010000000101000100000100001010
001100000010000010000000000110001100001101100
001010000100000100000000000110100010100010011
001001001000001000010000011010010001000000110
001000110000010000001000011101000000010001001
001000010000100001010001101000100010001100000
001000001001000000101001110000001100100010000
001000000101000011000110100001000001000000101
001000000010100100100111000000010000010001010
000101000000101000100000100100100101010000001
000101000000100010001010010001000010101000010
000100100001010001000001000010001011010000010
000100100001000100010100001000010100101000001
000100010100001000100100001001001000000110010
000100001010010001000010010000110000000110001
000011000001001001000001000101010000001011000
000011000001000100001010001000101000010100100
000010100000110000100000100011010000100100100
000010100000100010010100010000101001000011000
000010010010001001000100010000000110110000100
000010001100010000100010001000000111001001000
000001010010010100001100100010000001001010000
000001001100010010010101000100000000110100000
000000110100001010001011000010110100000000000
000000101010001100010010100101001010000000000

45
011111111111100000000000000000000000000000000
101110000000011111111000000000000000000000000
110110000000000000000111111110000000000000000
111001000000010000000100000001111110000000000
111000100000001000000010000000000001111110000
100100011000000100000001000001100001100001100
100010010100000010000000100001010000011000011
100001100100000101000000011000001000000101010
100001000011000010100011000000001000000010101
100000110000110000010000000110000100000010110
100000001001101000001100100000000100000101001
100000001010100000110000011000100010011000000
100000000111000001001000000110010011100000000
010100000100000010001000010000000110010011100
010010000010000100010001000000000111000100011
010001010000001000110000010100010000100001001
010000101000010001001001001000010000001000101
010000010000100010101000001011001001000100000
010000001001000101010000100101001000010010000
010000000101001100100100000010100000001000110
010000000010110011000010100000100000100001010
001100000010000000010000100010011000001101100
001010001000000000001000010010101000100010011
001001001000001010000000101100000011000000110
001000100010000000101101000101000000010001010
001000010001010100000010001010000010010001001
001000010001000011000001010100100100001100000
001000000100100100100001101000010100100010000
001000000100100001010110010001000001000000101
000101100000000001100000100010100101010000001
000101000001000000011010001001000100101000010
000100100000100110000100000100001010101000001
000100011000000001100110000000010010000110010
000100000110011000000000001101100000000110001
000100000001111000000001010000011001010000010
000011000000101001000001000011000010001011000
000011000000100100001010000100110000010100100
000010100001010000100000110001000010100100100
000010100001000010010100001000110001000011000
000010010010001001000100001000001100110000100
000010001100010000100010000100001101001001000
000001010010010100001100110000000001001010000
000001001100010010010101000010000000110100000
000000110100001000011011100000101010000000000
000000101010001110000010010011010100000000000

011111111111100000000000000000000000000000000
101110000000011111111000000000000000000000000
110110000000000000000111111110000000000000000
111001000000010000000100000001111110000000000
111000100000001000000010000000000001111110000
100100011000000100000001000001100001100001100
100010000110000010000000100001100000011000011
100001001001001001000000110000010000000101010
100001010001000010100010001000001000000010101
100000100010110000010001000100010000000010110
100000100100100100001100000010001000000101001
100000011000100000110000010010000110011000000
100000000111000001001000001100000111100000000
010100000100000011000000000010010100010011100
010010010000000100010000001000010101000100011
010001000010001000110000000111000000100001001
010000101000010001001000011001000000001000101
010000010000110010001010100000000010100001010
010000001001000100011000100100101000010010000
010000000101001100100101000000000010001000110
010000000010100011100001010000101001000100000
001100000010000000010000101000001010001101100
001010001000000001000001000010001010100010011
001001000100000000011010010010100001000000110
001000110000000001100100001100100000010001010
001000010001000010001001000111010000001100000
001000001000101010000100100100000101000000101
001000000100100100100000111001010000100010000
001000000011010100000011010000000100010001001
000101100000000110000000010100001100101000010
000101100000000000101001100000010011010000001
000100010100011000000000010100100010000110001
000100001010000000101110000001000100000110010
000100000001111000000000001011001001010000010
000100000001100001010110000000110000101000001
000011000000101000001001001000100100001011000
000011000000100101000010000101000010010100100
000010100001010000100000100010100100100100100
000010100001000010010100010001000011000011000
000010010010001000001100010000011000110000100
000010001100010000100010000100011001001001000
000001010010010101000100100010000001001010000
000001001100010010010101001000000000110100000
000000110100001001010011100001001100000000000
000000101010001110000010001010110010000000000

13
0111111000000
1011111000000
1101100110000
1110100001100
1111000000011
1100000111010
1100000101101
0010011010110
0010010101011
0001011010101
0001001101011
0000110110101
0000101011110

0111111000000
1011111000000
1101100110000
1110100001100
1111000000011
1100000111010
1100000101101
0010011010101
0010010101011
0001011010110
0001001101011
0000110011101
0000101110110

34
0111111111000000000000000000000000
1011111111000000000000000000000000
1101111111000000000000000000000000
1110111111000000000000000000000000
1111011111000000000000000000000000
1111101111000000000000000000000000
1111110111000000000000000000000000
1111111011000000000000000000000000
1111111100100000000000000000000000
1111111100100000000000000000000000
0000000011011111110000000000000000
0000000000101111111100000000000000
0000000000110111111100000000000000
0000000000111011111100000000000000
0000000000111101111100000000000000
0000000000111110111100000000000000
0000000000111111011100000000000000
0000000000111111101100000000000000
0000000000011111110110000000000000
0000000000011111111010000000000000
0000000000000000001101111111000000
0000000000000000000010111111110000
0000000000000000000011011111110000
0000000000000000000011101100101110
0000000000000000000011110010001111
0000000000000000000011110000111101
0000000000000000000011101000101111
0000000000000000000011100000111111
0000000000000000000001110111010011
0000000000000000000001100101101111
0000000000000000000000011111010111
0000000000000000000000011111011011
0000000000000000000000011011111101
0000000000000000000000001111111110

0111111111000000000000000000000000
1011111111000000000000000000000000
1101111111000000000000000000000000
1110111111000000000000000000000000
1111011111000000000000000000000000
1111101111000000000000000000000000
1111110111000000000000000000000000
1111111011000000000000000000000000
1111111100100000000000000000000000
1111111100100000000000000000000000
0000000011011111110000000000000000
0000000000101111111100000000000000
0000000000110111111100000000000000
0000000000111011111100000000000000
0000000000111101111100000000000000
0000000000111110111100000000000000
0000000000111111011100000000000000
0000000000111111101100000000000000
0000000000011111110110000000000000
0000000000011111111010000000000000
0000000000000000001101111111000000
0000000000000000000010111111110000
0000000000000000000011011111110000
0000000000000000000011101100101110
0000000000000000000011110010001111
0000000000000000000011110000101111
0000000000000000000011101000111101
0000000000000000000011100000111111
0000000000000000000001110111010011
0000000000000000000001100011101111
0000000000000000000000011111010111
0000000000000000000000011111011011
0000000000000000000000011101111101
0000000000000000000000001111111110

34
0111111111000000000000000000000000
1011111111000000000000000000000000
1101111111000000000000000000000000
1110111111000000000000000000000000
1111011111000000000000000000000000
1111101111000000000000000000000000
1111110111000000000000000000000000
1111111011000000000000000000000000
1111111100100000000000000000000000
1111111100100000000000000000000000
0000000011011111110000000000000000
0000000000101111111100000000000000
0000000000110111111100000000000000
0000000000111011111100000000000000
0000000000111101111100000000000000
0000000000111110111100000000000000
0000000000111111011100000000000000
0000000000111111101100000000000000
0000000000011111110110000000000000
0000000000011111111010000000000000
0000000000000000001101111111000000
0000000000000000000010111111110000
0000000000000000000011011111110000
0000000000000000000011101100101110
0000000000000000000011110000111101
0000000000000000000011110000101111
0000000000000000000011100001101111
0000000000000000000011100010011111
0000000000000000000001111110010011
0000000000000000000001101001101111
0000000000000000000000011111010111
0000000000000000000000011111011011
0000000000000000000000010111111101
0000000000000000000000001111111110

0111111111000000000000000000000000
1011111111000000000000000000000000
1101111111000000000000000000000000
1110111111000000000000000000000000
1111011111000000000000000000000000
1111101111000000000000000000000000
1111110111000000000000000000000000
1111111011000000000000000000000000
1111111100100000000000000000000000
1111111100100000000000000000000000
0000000011011111110000000000000000
0000000000101111111100000000000000
0000000000110111111100000000000000
0000000000111011111100000000000000
0000000000111101111100000000000000
0000000000111110111100000000000000
0000000000111111011100000000000000
0000000000111111101100000000000000
0000000000011111110110000000000000
0000000000011111111010000000000000
0000000000000000001101111111000000
0000000000000000000010111111110000
0000000000000000000011011111110000
0000000000000000000011101100101110
0000000000000000000011110000101111
0000000000000000000011110000011111
0000000000000000000011100001111101
0000000000000000000011100010101111
0000000000000000000001111011010011
0000000000000000000001100110101111
0000000000000000000000011111010111
0000000000000000000000011111011011
0000000000000000000000011101111101
0000000000000000000000001111111110

34
0111111111000000000000000000000000
1011111111000000000000000000000000
1101111111000000000000000000000000
1110111111000000000000000000000000
1111011111000000000000000000000000
1111101111000000000000000000000000
1111110111000000000000000000000000
1111111011000000000000000000000000
1111111100100000000000000000000000
1111111100100000000000000000000000
0000000011011111110000000000000000
0000000000101111111100000000000000
0000000000110111111100000000000000
0000000000111011111100000000000000
0000000000111101111100000000000000
0000000000111110111100000000000000
0000000000111111011100000000000000
0000000000111111101100000000000000
0000000000011111110110000000000000
0000000000011111111010000000000000
0000000000000000001101111111000000
0000000000000000000010111111110000
0000000000000000000011011111101000
0000000000000000000011101110010110
0000000000000000000011110001010111
0000000000000000000011110000111101
0000000000000000000011110000011111
0000000000000000000011101000101111
0000000000000000000001100101011111
0000000000000000000001011110101011
0000000000000000000000100111110111
0000000000000000000000011111101011
0000000000000000000000011011111101
0000000000000000000000001111111110

0111111111000000000000000000000000
1011111111000000000000000000000000
1101111111000000000000000000000000
1110111111000000000000000000000000
1111011111000000000000000000000000
1111101111000000000000000000000000
1111110111000000000000000000000000
1111111011000000000000000000000000
1111111100100000000000000000000000
1111111100100000000000000000000000
0000000011011111110000000000000000
0000000000101111111100000000000000
0000000000110111111100000000000000
0000000000111011111100000000000000
0000000000111101111100000000000000
0000000000111110111100000000000000
0000000000111111011100000000000000
0000000000111111101100000000000000
0000000000011111110110000000000000
0000000000011111111010000000000000
0000000000000000001101111111000000
0000000000000000000010111111110000
0000000000000000000011011111101000
0000000000000000000011101110010110
0000000000000000000011110001010111
0000000000000000000011110000101111
0000000000000000000011110000011111
0000000000000000000011101000111101
0000000000000000000001100101011111
0000000000000000000001011011101011
0000000000000000000000100111110111
0000000000000000000000011111101011
0000000000000000000000011110111101
0000000000000000000000001111111110

25
0111111000000000000000000
1000000111110000000000000
1000000111110000000000000
1000000111110000000000000
1000000111110000000000000
1000000111110000000000000
1000000100001111000000000
0111111000000000000000000
0111110000001000000000000
0111110000001000000000000
0111110000000000100000000
0111110000000000010000000
0000001011000000001110000
0000001000000000101101100
0000001000000000101011100
0000001000000000100111100
0000000000100111000000011
0000000000010000001111100
0000000000001110010000011
0000000000001101010000011
0000000000001011010000011
0000000000000111010000011
0000000000000111010000011
0000000000000000101111100
0000000000000000101111100

0111111000000000000000000
1000000111110000000000000
1000000111110000000000000
1000000111110000000000000
1000000111110000000000000
1000000111110000000000000
1000000100001111000000000
0111111000000000000000000
0111110000000000100000000
0111110000000000100000000
0111110000000000010000000
0111110000000000001000000
0000001000000000110111000
0000001000000000110111000
0000001000000000101000111
0000001000000000101000111
0000000011001111000000000
0000000000101100000000111
0000000000010011000111000
0000000000001100001000111
0000000000001100001000111
0000000000001100001000111
0000000000000011010111000
0000000000000011010111000
0000000000000011010111000

14
01111111110000
10111111110000
11011111101000
11101111010100
11110110001011
11111000100111
11111000001111
11110000011111
11100100011111
11010001101111
00101011110111
00010111111011
00001111111101
00001111111110

01111111110000
10111111110000
11011111101000
11101111010100
11110100101011
11111000001111
11110000110111
11110000011111
11101010001111
11010011001111
00101101110111
00010111111011
00001111111101
00001111111110

40
0111111111111000000000000000000000000000
1011000000000111111111000000000000000000
1101000000000000000000111111111000000000
1110000000000000000000000000000111111111
1000011000000111000000111000000111000000
1000101000000000111000000111000000111000
1000110000000000000111000000111000000111
1000000011000100100100100100100100100100
1000000101000010010010010010010010010010
1000000110000001001001001001001001001001
1000000000011100010001010001100001100010
1000000000101010001100001100010100010001
1000000000110001100010100010001010001100
0100100100100010001000000101001010000110
0100100010010100000001100010100000011001
0100100001001000100100010110000001000011
0100010100001001000001000001110110010000
0100010010100000000110001100100011001000
0100010001010100000010000010011101100000
0100001100010001010000101000001000110010
0100001010001000011000110001000100000101
0100001001100010100000011000010000101100
0010100100001010000110000001010001101000
0010100010100001000011000100001100110000
0010100001010000010101000011000110000100
0010010100010101010000010000010000001101
0010010010001011001000001000100000100110
0010010001100100100010101000000000010011
0010001100100010110000000010001101000001
0010001010010000101001100100000011000010
0010001001001100001100010000100010011000
0001100100010000101010011000100000001010
0001100010001100110000001000011000100001
0001100001100001011000100000110000010100
0001010100100000001101110010000010000001
0001010010010010100100010001001001000100
0001010001001010010001100100001100000010
0001001100001100000011001110000001010000
0001001010100101000100000011010100001000
0001001001010011000010000101100010100000

0111111111111000000000000000000000000000
1011000000000111111111000000000000000000
1101000000000000000000111111111000000000
1110000000000000000000000000000111111111
1000011000000111000000111000000111000000
1000101000000000111000000111000000111000
1000110000000000000111000000111000000111
1000000011000100100100100100100100100100
1000000101000010010010010010010010010010
1000000110000001001001001001001001001001
1000000000011100010001010001100001100010
1000000000101010001100001100010100010001
1000000000110001100010100010001010001100
0100100100100010100000001001010000001110
0100100010010100000010000110001001100001
0100100001001000010100010011000100000101
0100010100001100001000010000101010010001
0100010010100001000100000100110011001000
0100010001010000100001100010010101000010
0100001100010001010000101000001000110010
0100001010001010000001100001100100011000
0100001001100000001010011100000010100100
0010100100001000001110010000010001101000
0010100010100001100001100100000000010011
0010100001010100000101000010100010011000
0010010100010010010001010000001100001100
0010010010001011001000001000100000100110
0010010001100101000010000000011100110000
0010001100100000110010001010000101000001
0010001010010100011000100001000010000101
0010001001001010100100000101000011000010
0001100100010001001010000101100010000010
0001100010001000110001001000011100100000
0001100001100010011000100000101000010100
0001010100100010000101100011000010000001
0001010010010000100110011001000001000100
0001010001001100010010101100000000000011
0001001100001101000001000110010001010000
0001001010100100001100010010001100001000
0001001001010011100000010000110000101000

40
0111111111111000000000000000000000000000
1011000000000111111111000000000000000000
1101000000000000000000111111111000000000
1110000000000000000000000000000111111111
1000011000000111000000111000000111000000
1000101000000000111000000111000000111000
1000110000000000000111000000111000000111
1000000011000100100100100100100100100100
1000000101000010010010010010010010010010
1000000110000001001001001001001001001001
1000000000011100010001010001100001100010
1000000000101010001100001100010100010001
1000000000110001100010100010001010001100
0100100100100010001000000101001010000110
0100100010010100000001100010100000011001
0100100001001000100100010110000001000011
0100010100001001000001000001110110010000
0100010010100000000110001100100011001000
0100010001010100000010000010011101100000
0100001100010001010000101000001000110010
0100001010001000011000110001000100000101
0100001001100010100000011000010000101100
0010100100001010000110000001010001101000
0010100010100001000011000100001100110000
0010100001010000010101000011000110000100
0010010100010101010000010000010000001101
0010010010001011001000001000100000100110
0010010001100100100010101000000000010011
0010001100100010110000000010001101000001
0010001010010000101001100100000011000010
0010001001001100001100010000100010011000
0001100100010000101010011000100000001010
0001100010001100110000001000011000100001
0001100001100001011000100000110000010100
0001010100100000001101110010000010000001
0001010010010010100100010001001001000100
0001010001001010010001100100001100000010
0001001100001100000011001110000001010000
0001001010100101000100000011010100001000
0001001001010011000010000101100010100000

0111111111111000000000000000000000000000
1011000000000111111111000000000000000000
1101000000000000000000111111111000000000
1110000000000000000000000000000111111111
1000011000000111000000111000000111000000
1000101000000000111000000111000000111000
1000110000000000000111000000111000000111
1000000011000100100100100100100100100100
1000000101000010010010010010010010010010
1000000110000001001001001001001001001001
1000000000011100010001010001100001100010
1000000000101010001100001100010100010001
1000000000110001100010100010001010001100
0100100100100010100000001001010000001110
0100100010010100000010000110001001100001
0100100001001000010100010011000100000101
0100010100001100001000010000101010010001
0100010010100001000100000100110011001000
0100010001010000100001100010010101000010
0100001100010001010000101000001000110010
0100001010001010000001100001100100011000
0100001001100000001010011100000010100100
0010100100001000001110010100000001001010
0010100010100001100001100000010000110001
0010100001010100000101000010100010011000
0010010100010010010001100001000010000101
0010010010001011001000001000100000100110
0010010001100101000010000100001100010010
0010001100100000110010001010000101000001
0010001010010100011000010000001100001100
0010001001001010100100000001010011100000
0001100100010001001010000001110010100000
0001100010001000110001001100001100000010
0001100001100010011000100000101000010100
0001010100100010000101010010001100001000
0001010010010000100110011001000001000100
0001010001001100010010101000010000100001
0001001100001101000001000110010001010000
0001001010100100001100100011000010000001
0001001001010011100000010100100000001010

40
0111111111111000000000000000000000000000
1011000000000111111111000000000000000000
1101000000000000000000111111111000000000
1110000000000000000000000000000111111111
1000011000000111000000111000000111000000
1000101000000000111000000111000000111000
1000110000000000000111000000111000000111
1000000011000100100100100100100100100100
1000000101000010010010010010010010010010
1000000110000001001001001001001001001001
1000000000011100010001010001100001100010
1000000000101010001100001100010100010001
1000000000110001100010100010001010001100
0100100100100010100000001001010000001110
0100100010010100000010000110001001100001
0100100001001000010100010011000100000101
0100010100001100001000010000101010010001
0100010010100001000100000100110011001000
0100010001010000100001100010010101000010
0100001100010001010000101000001000110010
0100001010001010000001100001100100011000
0100001001100000001010011100000010100100
0010100100001000001110010000010001101000
0010100010100001100001100100000000010011
0010100001010100000101000010100010011000
0010010100010010010001010000001100001100
0010010010001011001000001000100000100110
0010010001100101000010000000011100110000
0010001100100000110010001010000101000001
0010001010010100011000100001000010000101
0010001001001010100100000101000011000010
0001100100010001001010000101100010000010
0001100010001000110001001000011100100000
0001100001100010011000100000101000010100
0001010100100010000101100011000010000001
0001010010010000100110011001000001000100
0001010001001100010010101100000000000011
0001001100001101000001000110010001010000
0001001010100100001100010010001100001000
0001001001010011100000010000110000101000

0111111111111000000000000000000000000000
1011000000000111111111000000000000000000
1101000000000000000000111111111000000000
1110000000000000000000000000000111111111
1000011000000111000000111000000111000000
1000101000000000111000000111000000111000
1000110000000000000111000000111000000111
1000000011000100100100100100100100100100
1000000101000010010010010010010010010010
1000000110000001001001001001001001001001
1000000000011100010001010001100001100010
1000000000101010001100001100010100010001
1000000000110001100010100010001010001100
0100100100100010100000001001010000001110
0100100010010100000010000110001001100001
0100100001001000010100010011000100000101
0100010100001100001000010000101010010001
0100010010100001000100000100110011001000
0100010001010000100001100010010101000010
0100001100010001010000101000001000110010
0100001010001010000001100001100100011000
0100001001100000001010011100000010100100
0010100100001000001110010100000001001010
0010100010100001100001100000010000110001
0010100001010100000101000010100010011000
0010010100010010010001100001000010000101
0010010010001011001000001000100000100110
0010010001100101000010000100001100010010
0010001100100000110010001010000101000001
0010001010010100011000010000001100001100
0010001001001010100100000001010011100000
0001100100010001001010000001110010100000
0001100010001000110001001100001100000010
0001100001100010011000100000101000010100
0001010100100010000101010010001100001000
0001010010010000100110011001000001000100
0001010001001100010010101000010000100001
0001001100001101000001000110010001010000
0001001010100100001100100011000010000001
0001001001010011100000010100100000001010

16
0111111000000000
1011000111000000
1101000000111000
1110000000000111
1000011100100100
1000101010010010
1000110001001001
0100100011100100
0100010101010010
0100001110001001
0010100100011100
0010010010101010
0010001001110001
0001100100100011
0001010010010101
0001001001001110

0111111000000000
1011000111000000
1100100100110000
1100010010001100
1010001000101010
1001001000010101
1000110001000011
0110000001010110
0101000001101001
0100001110000011
0010100010011001
0010010100100101
0001100010100110
0001010100011010
0000101101001100
0000011011110000

25
0100000000000000000000000
1010000000000000000000000
0101000000000000000000100
0010100000000010000000000
0001010000001000000000000
0000101000000000000000000
0000010100000000000000000
0000001010000000000000000
0000000101000000000000000
0000000010100000000000000
0000000001010000000000000
0000000000101000000000100
0000100000010000000000010
0000000000000010000001010
0001000000000101000000000
0000000000000010100000000
0000000000000001010000000
0000000000000000101000000
0000000000000000010100000
0000000000000000001010000
0000000000000000000101000
0000000000000100000010100
0010000000010000000001000
0000000000001100000000001
0000000000000000000000010

0100000000000000000000000
1010000000000000000000000
0101000000000000000000100
0010100000000010000000000
0001000000001000000010000
0000001000000000000001000
0000010100000000000000000
0000001010000000000000000
0000000101000000000000000
0000000010100000000000000
0000000001010000000000000
0000000000101000000000100
0000100000010000000000010
0000000000000010000001010
0001000000000101000000000
0000000000000010100000000
0000000000000001010000000
0000000000000000101000000
0000000000000000010100000
0000000000000000001010000
0000100000000000000100000
0000010000000100000000100
0010000000010000000001000
0000000000001100000000001
0000000000000000000000010

18
011110101011000000
101101110001001011
110011100110100101
110000110000000000
101000101000000000
011000100100000000
111111011100000000
010100100000000000
100010100000000000
001001100000000000
101000000001110000
110000000010011000
001000000010011100
000000000011101000
010000000001110110
001000000000101011
010000000000001101
011000000000000110

011110101011000000
101101110010100101
110011100101001011
110000110000000000
101000101000000000
011000100100000000
111111011100000000
010100100000000000
100010100000000000
001001100000000000
110000000001110000
101000000010011000
010000000010011100
000000000011101000
001000000001110110
010000000000101011
001000000000001101
011000000000000110

36
011111111111111111100000000000000001
101111111110000000011111111000000001
110111111110000000000000000111111110
111011100001111000011110000111100000
111101100001111000000001111000011110
111110100000000111111110000000011110
111111000000000111100001111111100000
111000001111100110011001100110011000
111000010111100110000110011001100110
111000011010011001110101010101010100
111000011100011001101010101010101010
100110011000111110011001100001100110
100110011001011110000110011110011000
100110000111101001110011001100110010
100110000111110001101100110011001100
100001111001100011110010110100101100
100001111001100101101101001011010010
100001100110011110110100101010110100
100001100110011111001011010101001010
010101010101010101001111100100110100
010101010011001010110111100011001010
010101001100101011011010011011010100
010101001010110100111100011100101010
010010110101010010111000111101010010
010010110011001101011001011010101100
010010101100101100100111101101001100
010010101010110011000111110010110010
001100110100110100110011010011111000
001100110010101011001100101101111000
001100101101001010101101010110100110
001100101011010101010010101111000110
001011010100110011010101001110001110
001011010010101100101010110110010110
001011001101001101010100110001111010
001011001011010010101011001001111100
110000000000000000000000000000000000

011111111111111111100000000000000000
101111111110000000011111111000000000
110111111110000000000000000111111110
111011100001111000011110000111100000
111101100001111000000001111000011111
111110100000000111111110000000011111
111111000000000111100001111111100000
111000001111100110011001100110011000
111000010111100110000110011001100110
111000011010011001110101010101010100
111000011100011001101010101010101010
100110011000111110011001100001100110
100110011001011110000110011110011000
100110000111101001110011001100110010
100110000111110001101100110011001100
100001111001100011110100101010110100
100001111001100101101011010101001010
100001100110011110110010110100101100
100001100110011111001101001011010010
010101010101010101001111100100110100
010101010011001010110111100011001010
010101001100101100111010011011010100
010101001010110011011100011100101010
010010110101010010111000111101010010
010010110011001101011001011010101100
010010101100101011000111101101001100
010010101010110100100111110010110010
001100110100110011010011010011111000
001100110010101100101100101101111000
001100101101001010101101010110100110
001100101011010101010010101111000110
001011010100110100110101001110001110
001011010010101011001010110110010110
001011001101001101010100110001111010
001011001011010010101011001001111100
000011000000000000000000000000000000

20
00101000001000000000
00010001000100000000
10000000000011000000
01000000000000001001
10000100100000000000
00001000000100000000
00000001001000000000
01000010100000000000
00001001000000000000
00000000001100000000
10000010010000000000
01000100010000000000
00100000000000010010
00100000000000100100
00000000000001000001
00000000000010001000
00010000000000010100
00000000000001001000
00000000000010000001
00010000000000100010

00011000001000000000
00100001000100000000
01000000000011000000
10000000000000001001
10000100100000000000
00001000000100000000
00000001001000000000
01000010100000000000
00001001000000000000
00000000001100000000
10000010010000000000
01000100010000000000
00100000000000010010
00100000000000100100
00000000000001000001
00000000000010001000
00010000000000010100
00000000000001001000
00000000000010000001
00010000000000100010

40
0000101000000001000000000000000000000000
0000010010000000000100000000000000000000
0000000000000000000100000000000001000100
0000000001100000000000000010000000000000
1000000000000000001000000000000000000100
0100000000000100000000010000000000000000
1000000100000000000000000100000000000000
0000001001001000000000000000000000000000
0100000000000000000000000001000000100000
0001000100010000000000000000000000000000
0001000000000000000000100000000100000000
0000000001000001100000000000000000000000
0000000100000000000000000000001000000100
0000010000000000010000000100000000000000
0000000000000000010100001000000000000000
1000000000010000000000100000000000000000
0000000000010000000000000000110000000000
0000000000000110000000000000000000000010
0000100000000000000001000000000010000000
0110000000000010000000000000000000000000
0000000000000000000000000000000100010001
0000000000000000001000000100001000000000
0000000000100001000000000000000010000000
0000010000000000000000000000000001010000
0000000000000010000000000000000000101000
0000001000000100000001000000000000000000
0001000000000000000000000000011000000000
0000000010000000000000000000100000010000
0000000000000000100000000001000000001000
0000000000000000100000000010000010000000
0000000000001000000001000010000000000000
0000000000100000000010000000000000100000
0000000000000000001000100000010000000000
0010000000000000000000010000000000000010
0000000010000000000000001000000100000000
0000000000000000000010010001000000000000
0000000000000000000000001000100000000001
0010100000001000000000000000000000000000
0000000000000000010000000000000001000001
0000000000000000000010000000000000001010

0001100000100000000000000000000000000000
0010000100010000000000000000000000000000
0100000000001100000000000000000000000000
1000000000000000100100000000000000000000
1000010010000000000000000000000000000000
0000100000010000000000000100000000000000
0000000100100000000000000010000000000000
0100001010000000000000000000000000000000
0000100100000000000000000000100000000000
0000000000110000000000000000010000000000
1000001001000000000000000000000000000000
0100010001000000000000000000000000000000
0010000000000001001000000000000000000000
0010000000000010010000000000000000000000
0000000000000100000100000000000000100000
0000000000001000100000000000000000010000
0001000000000001010000000000000000000000
0000000000000100100000000000000000000100
0000000000001000000100000000000000000010
0001000000000010001000000000000000000000
0000000000000000000000101000001000000000
0000000000000000000000010001000100000000
0000000000000000000010000000000011000000
0000000000000000000001000000000000001001
0000000000000000000010000100100000000000
0000010000000000000000001000000100000000
0000001000000000000000000001001000000000
0000000000000000000001000010100000000000
0000000010000000000000001001000000000000
0000000001000000000000000000001100000000
0000000000000000000010000010010000000000
0000000000000000000001000100010000000000
0000000000000000000000100000000000010010
0000000000000000000000100000000000100100
0000000000000010000000000000000001000001
0000000000000001000000000000000010001000
0000000000000000000000010000000000010100
0000000000000000010000000000000001001000
0000000000000000001000000000000010000001
0000000000000000000000010000000000100010

40
0000101000000001000000000000000000000000
0000010010000000000100000000000000000000
0000000000000000000100000000000001000100
0000000001100000000000000010000000000000
1000000000000000001000000000000000000100
0100000000000100000000010000000000000000
1000000100000000000000000100000000000000
0000001001001000000000000000000000000000
0100000000000000000000000001000000100000
0001000100010000000000000000000000000000
0001000000000000000000100000000100000000
0000000001000001100000000000000000000000
0000000100000000000000000000001000000100
0000010000000000010000000100000000000000
0000000000000000010100001000000000000000
1000000000010000000000100000000000000000
0000000000010000000000000000110000000000
0000000000000110000000000000000000000010
0000100000000000000001000000000010000000
0110000000000010000000000000000000000000
0000000000000000000000000000000100010001
0000000000000000001000000100001000000000
0000000000100001000000000000000010000000
0000010000000000000000000000000001010000
0000000000000010000000000000000000101000
0000001000000100000001000000000000000000
0001000000000000000000000000011000000000
0000000010000000000000000000100000010000
0000000000000000100000000001000000001000
0000000000000000100000000010000010000000
0000000000001000000001000010000000000000
0000000000100000000010000000000000100000
0000000000000000001000100000010000000000
0010000000000000000000010000000000000010
0000000010000000000000001000000100000000
0000000000000000000010010001000000000000
0000000000000000000000001000100000000001
0010100000001000000000000000000000000000
0000000000000000010000000000000001000001
0000000000000000000010000000000000001010

0001100000100000000000000000000000000000
0010000100010000000000000000000000000000
0100000000001100000000000000000000000000
1000000000000000100100000000000000000000
1000010010000000000000000000000000000000
0000100000010000000000000100000000000000
0000000100100000000000000010000000000000
0100001010000000000000000000000000000000
0000100100000000000000000000100000000000
0000000000110000000000000000010000000000
1000001001000000000000000000000000000000
0100010001000000000000000000000000000000
0010000000000001001000000000000000000000
0010000000000010010000000000000000000000
0000000000000100000100000000000000100000
0000000000001000100000000000000000010000
0001000000000001010000000000000000000000
0000000000000100100000000000000000000100
0000000000001000000100000000000000000010
0001000000000010001000000000000000000000
0000000000000000000000011000001000000000
0000000000000000000000100001000100000000
0000000000000000000001000000000011000000
0000000000000000000010000000000000001001
0000000000000000000010000100100000000000
0000010000000000000000001000000100000000
0000001000000000000000000001001000000000
0000000000000000000001000010100000000000
0000000010000000000000001001000000000000
0000000001000000000000000000001100000000
0000000000000000000010000010010000000000
0000000000000000000001000100010000000000
0000000000000000000000100000000000010010
0000000000000000000000100000000000100100
0000000000000010000000000000000001000001
0000000000000001000000000000000010001000
0000000000000000000000010000000000010100
0000000000000000010000000000000001001000
0000000000000000001000000000000010000001
0000000000000000000000010000000000100010

40
0000101000000001000000000000000000000000
0000010010000000000100000000000000000000
0000000000000000000100000000000001000100
0000000001100000000000000010000000000000
1000000000000000001000000000000000000100
0100000000000100000000010000000000000000
1000000100000000000000000100000000000000
0000001001001000000000000000000000000000
0100000000000000000000000001000000100000
0001000100010000000000000000000000000000
0001000000000000000000100000000100000000
0000000001000001100000000000000000000000
0000000100000000000000000000001000000100
0000010000000000010000000100000000000000
0000000000000000010100001000000000000000
1000000000010000000000100000000000000000
0000000000010000000000000000110000000000
0000000000000110000000000000000000000010
0000100000000000000001000000000010000000
0110000000000010000000000000000000000000
0000000000000000000000000000000100010001
0000000000000000001000000100001000000000
0000000000100001000000000000000010000000
0000010000000000000000000000000001010000
0000000000000010000000000000000000101000
0000001000000100000001000000000000000000
0001000000000000000000000000011000000000
0000000010000000000000000000100000010000
0000000000000000100000000001000000001000
0000000000000000100000000010000010000000
0000000000001000000001000010000000000000
0000000000100000000010000000000000100000
0000000000000000001000100000010000000000
0010000000000000000000010000000000000010
0000000010000000000000001000000100000000
0000000000000000000010010001000000000000
0000000000000000000000001000100000000001
0010100000001000000000000000000000000000
0000000000000000010000000000000001000001
0000000000000000000010000000000000001010

0010100000100000000000000000000000000000
0001000100010000000000000000000000000000
1000000000001100000000000000000000000000
0100000000000000100100000000000000000000
1000010010000000000000000000000000000000
0000100000010000000000000100000000000000
0000000100100000000000000010000000000000
0100001010000000000000000000000000000000
0000100100000000000000000000100000000000
0000000000110000000000000000010000000000
1000001001000000000000000000000000000000
0100010001000000000000000000000000000000
0010000000000001001000000000000000000000
0010000000000010010000000000000000000000
0000000000000100000100000000000000100000
0000000000001000100000000000000000010000
0001000000000001010000000000000000000000
0000000000000100100000000000000000000100
0000000000001000000100000000000000000010
0001000000000010001000000000000000000000
0000000000000000000000101000001000000000
0000000000000000000000010001000100000000
0000000000000000000010000000000011000000
0000000000000000000001000000000000001001
0000000000000000000010000100100000000000
0000010000000000000000001000000100000000
0000001000000000000000000001001000000000
0000000000000000000001000010100000000000
0000000010000000000000001001000000000000
0000000001000000000000000000001100000000
0000000000000000000010000010010000000000
0000000000000000000001000100010000000000
0000000000000000000000100000000000010010
0000000000000000000000100000000000100100
0000000000000010000000000000000001000001
0000000000000001000000000000000010001000
0000000000000000000000010000000000010100
0000000000000000010000000000000001001000
0000000000000000001000000000000010000001
0000000000000000000000010000000000100010

21
011110001000000000001
101101000100000000001
110100100010000000001
111000010001000000001
100001110000100000001
010010110000010000001
001011010000001000001
000111100000000100001
100000000111000010001
010000001011000001001
001000001101000000101
000100001110000000011
000010000000011101001
000001000000101110001
000000100000110100011
000000010000111000101
000000001000010001111
000000000100100010111
000000000010000111011
000000000001001011101
111111111111111111110

011110001000000000001
101101000100000000001
110100100010000000001
111000010001000000001
100001110000100000001
010010110000000000011
001011010000001000001
000111100000000001001
100000000111000010001
010000001011010000001
001000001101000000101
000100001110000100001
000010000000011001011
000000000100100110101
000000100000100101011
000000000001011010101
000000001000010101101
000000010000101010011
000000000010010110011
000001000000101001101
111111111111111111110

8
01100111
10101011
11010011
00101111
01010111
10011011
11111101
11111110

01010111
10101011
01010111
10101011
01010111
10101011
11111101
11111110

3
010
101
010

011
101
110
