4
4
Top Bike Shop
Cars r Us
Everything Electronic
The Hot Chocolate Emporium
Morgan
  0  30 100  50 120
 30   0 100  80  60
100 110   0  30  60
50   80  40   0  60
120  60  90  70   0
3
Top Bike Shop
Cars r Us
far away
Morgan
0  1  1  2
1  0  1  4
1  1  0  10
2  4  10  0
5
A
B
C
D
E
Morgan
0     1 100 100 100 100
100   0   1 100 100 100
100 100   0   1 100 100
100 100 100   0   1 100
100 100 100 100   0   1
1   100 100 100 100   0
9
"Shops_1"
"Shops_2"
"Shops_3"
"Shops_4"
"Shops_5"
"Shops_6"
"Shops_7"
"Shops_8"
"Shops_9"
Mersedes
0 563 994 232 68 373 646 46 667 189
343 0 93 784 235 760 239 450 303 102
378 866 0 789 633 663 556 632 300 894
869 98 878 0 319 399 326 601 210 911
617 639 814 166 0 661 971 850 509 361
250 592 608 865 168 0 707 981 944 529
978 730 200 448 103 985 0 973 513 222
55 579 542 217 702 231 974 0 766 399
157 302 274 159 760 919 320 809 0 967
448 604 212 678 692 763 641 371 761 0

